====================================================================================================
Italian per-provincia email-provider distribution
====================================================================================================
Source: /home/mxmap.it/mxmap/data.json  (84059 total entries)
Comuni analyzed: 7870

 Prov      N     MS   Goog  Aruba  Reg.it  Seeweb  InfoC    Nam    Pub   Priv   Prov    ISP  Indep    AWS      ?
----------------------------------------------------------------------------------------------------
  001    312     34     12     14     10                          17                   65    159              
  002     82      1             2      1                          15                   14     49              
  003     87      9      3      5      1                           3                    5     61              
  004    246     45      2     10      5                          34                   80     69      1       
  005    117     13      1      5     18                          19                    6     55              
  006    185      8      8     21      5                           6                   36    101              
  007     74     17      2             1                                                      54              
  008     65      8      5      1      8                           4                   20     19              
  009     69      8      5     10      1                           7                   15     23              
  010     67     11      3      5     19                           3                   15     11              
  011     32      3      2      1     13                                                5      8              
  012    134     33      7      1      4      1                    6                   32     50              
  013    146     24     13             2                                               24     83              
  014     77      9     34      3                                                       3     28              
  015    133     78     14      2      7                           3                   13     16              
  016    243    110      6      7     55                           2                   27     36              
  017    204     80     49     11     11                           5                   20     28              
  018    184     38      1      4     27                          11                   24     79              
  019    113     13     17      3      5                          10                   36     29              
  020     64     15      7      2      1                           7                   18     14              
  021    114      6                                              108                                          
  022    166     18    123      1      1                                                7     16              
  023     98     38      2      6      2                           3                   28     19              
  024    111     25      9      3                                  5                   17     52              
  025     60      4      1      1     21                                                7     26              
  026     94     33     14      3      5                           2                   14     23              
  027     44     16      5      2                                  1                   12      8              
  028    101     62      1      2                                  1                    8     27              
  029     50     21      2                                                             11     16              
  030    134     32      1                                                              4     97              
  031     25      7                                                                     1     17              
  032      6      2                                                                     1      3              
  033     46      5      1      1      3                           2                   10     24              
  034     44     15      2                                         1                   10     16              
  035     42      8      2      2                                 13                    4     13              
  036     47     12     19             1                          11                           4              
  037     55      2     15             1                          34                           3              
  038     21      8      7                                         1                    2      3              
  039     18     17                                                                            1              
  040     30            30                                                                                    
  041     52      6      2             1                                                1     42              
  042     47      9             1      3                                               15     19              
  043     55      4      1                                         1                   48                     
  044     32      1             2      8                           6                   11      4              
  045     17      2      4      2      1                           1                    4      3              
  046     33             3      3                                  2                    7     18              
  047     20      7      2      1                                  1                    4      5              
  048     41     10     10                                         4                          17              
  049     19      6             1                                  1                    5      6              
  050     37      9      7      3                                  1                   10      7              
  051     36      5      2             2                           7                   14      6              
  052     35     10      3                                                             20      2              
  053     28      3      4             2      1                                        10      8              
  054     59      6      4      1     10      5                    2                   23      8              
  055     33      1      2             1      1                    1                   21      6              
  056     59      1      3      1      5      1                    1                   41      6              
  057     73                    1      9      2                    3                   57      1              
  058    120      7      6      9     10                           4                   70     14              
  059     33      3      1      2      4      1                    1                   14      7              
  060     90             1      5      4      4                   21                   48      7              
  061    104      5            15      6      2                   15                   60      1              
  062     78                   25                                  4                   46      3              
  063     92      7      7      5      5      1                    8                   50      8             1
  064    118      1            10      2                          29                   70      5             1
  065    157     18             6      7                          45                   75      5             1
  066    108      4      2      6     18      1                    8                   67      2              
  067     47      7      1      3      5      1                    4                   24      2              
  068     46      4             1      8      1                    5                   22      4      1       
  069    104      2      5     11     20                           4                   54      8              
  070     84      2            25     18                                               14     25              
  071     60      2      2      5      8                           2                   33      8              
  072     41      9      9      4      2                           3                    8      6              
  073     29      4      4      3                                  1                   10      7              
  074     20      4      1             1                                                6      8              
  075     96     10     15                                         2                   19     50              
  076    100      1      1      2      2                           1                   17     76              
  077     31      1      1      1                                  2                    5     21              
  078    149      1      4      4      2                          82                   35     21              
  079     78      1      2      3      1                          57                   11      3              
  080     95             2      9                                 55                   28      1              
  081     25                    1                                  2                   19      3              
  082     82             4      8      2      1                    3                   56      8              
  083    108      2      3     26      3                           3                   68      3              
  084     43      1      1      1             2                    1                   34      3              
  085     22                    2      2                                               15      3              
  086     20             1      3                                                      12      4              
  087     58      1      4     14                                                      35      4              
  088     12             1                                         2                    9                     
  089     21      1      3      1                                  1                   15                     
  090     88      5      1      3                                  7                   68      4              
  091     74      1      3      6                                 24                   36      4              
  092     17      8             1                                  2                    4      2              
  093     50     15      1             1                                                      33              
  094     52             2     23      5                           3                    5     14              
  095     86      1      1      3                                 13                   63      5              
  096     74      9             3      2                           9                    3     47             1
  097     84     58      4      1                                                       3     18              
  098     59     21      6             6      1                    6                   13      6              
  099     25      9      3             2                           7                    1      3              
  100      7      2                                                                            5              
  101     27             2                                        20                    5                     
  102     50             1      2                                 39                    7      1              
  103     74      2      1      2                                  8                    1     60              
  108     55     38      5      2      1                           1                    3      5              
  109     40      1             3     11                           3                   17      5              
  110     10                    1                                  1                    7      1              
  111    106     14      2      4             1                    5                   74      6              
  113      4      2             1                                                       1                     
  117      1                                                                            1                     
----------------------------------------------------------------------------------------------------
  TOT   7870   1252    585    409    428     27      0      0    878      0      0   2246   2037      2      4

====================================================================================================
Aggregate provider distribution (Italian comuni)
====================================================================================================
  microsoft                  1252  ( 15.9%)
  google                      585  (  7.4%)
  aruba                       409  (  5.2%)
  register-it                 428  (  5.4%)
  seeweb                       27  (  0.3%)
  regional-public             878  ( 11.2%)
  local-isp                  2246  ( 28.5%)
  independent                2037  ( 25.9%)
  aws                           2  (  0.0%)
  unknown                       4  (  0.1%)
  zoho                          2  (  0.0%)
